x <- c(1,2,4)
x*4