x <- c(1,2,4)
y <- x*4